003 0 0 1 1
076 0 0 1 2
062003 0 0 1 3
046077 0 0 2 1
076 0 0 2 2
062040077 0 0 2 3
071035 0 0 3 1
071040 0 0 3 1
062045077047062046077 0 0 3 2
072003 0 0 3 3
046065040063
062047 0 0 4 1
062045077047062046077 0 0 4 2
071045077047003 0 0 4 3
062036077 0 0 5 1003
062045077047062046077 0 0 5 2
071045077047003 0 0 5 3
056077047 0 0 6 1
047075003 0 0 6 2
062035062046077 0 0 6 3
062040062046077 0 0 6 3
071 0 0 7 1
047075003 0 0 7 2
071055065 0 0 7 3
002 0 2 1 1
046077 0 2 1 1
071 0 2 1 2
062040063 0 2 1 3
002 0 2 2 1
046077 0 2 2 1
071 0 2 2 2
062040063 0 2 2 3
071040 0 2 3 1
071035 0 2 3 1
062045077047060620030620030620032046077 0 2 3 2
072003 0 2 3 3
062047 0 2 4 1
062045077047062046077 0 2 4 2
071045077047003 0 2 4 3
062036077 0 2 5 1
062045077047062046077 0 2 5 2
071045077047003 0 2 5 3
056077047 0 2 6 1
047075003 0 2 6 2
062040062046077 0 2 6 3
062035062046077 0 2 6 3
071 0 2 7 1
047075003 0 2 7 2
071055065 0 2 7 3
062 1 1 1 1
071 1 1 1 2
062003 1 1 1 3
062046077 1 1 2 1
071 1 1 2 2
062003 1 1 2 3
047062 1 1 3 1
062045077047062046077 1 1 3 2
062045063003 1 1 3 3
062047072 1 1 4 1
062045077047062046077 1 1 4 2
062045077047003 1 1 4 3
062047062003 1 1 5 1
062045077047062046077 1 1 5 2
062045077047003 1 1 5 3
062047062003 1 1 6 1
047075003 1 1 6 2
062040062046077 1 1 6 3 
062047062046077 1 1 7 1
047075003 1 1 7 2
062056065 1 1 7 3
003 2 0 1 1
064 2 0 1 2
047003 2 0 1 3
046066 2 0 2 1
064 2 0 2 2
064040066 2 0 2 3
040062 2 0 3 1
062045077047062046077 2 0 3 2
045063003 2 0 3 3
047071 2 0 4 1
062045077047062046077 2 0 4 2
071045077047003 2 0 4 3
071003 2 0 5 1
062045077047062046077 2 0 5 2
071045077047003 2 0 5 3
071003 2 0 6 1
075003 2 0 6 2
064040062046066 2 0 6 3
076 2 0 7 1
075003 2 0 7 2
055065 2 0 7 3
057071071071 2 0 8 1
057071071071 2 0 8 2 
057071071071 2 0 8 3
003 4 0 1 1 
066 4 0 1 2
053003 4 0 1 3
046066 4 0 2 1
066 4 0 2 2
066040066 4 0 2 3
040062 4 0 3 1
062045077047062046077 4 0 3 2
045063 4 0 3 3
053071 4 0 4 1
062045077047062046077 4 0 4 2
071045077047003 4 0 4 3
075003 4 0 5 1
062045077047062046077 4 0 5 2
071045077047003 4 0 5 3
075003 4 0 6 1
075003 4 0 6 2
066040062046066 4 0 6 3
076 4 0 7 1
053075003 4 0 7 2
055065 4 0 7 3
053062 2 2 1 1 
035064 2 2 1 2
064035063 2 2 1 3
053062 2 2 2 1
035064 2 2 2 2
064035063 2 2 2 3
035062 2 2 3 1
062045077047062046077 2 2 3 2
045063003 2 2 3 3
035071 2 2 4 1
062045077047062046077 2 2 4 2
071045077047003 2 2 4 3
035003 2 2 5 1
062045077047062046077 2 2 5 2
071045077047003 2 2 5 3
035003 2 2 6 1
035075003 2 2 6 2
035062046066 2 2 6 3
035063 2 2 7 1
035075003 2 2 7 2
055065 2 2 7 3
039065 4 2 1 1
040064 4 2 1 2
066040063 4 2 1 3
039065 4 2 2 1
040064 4 2 2 2
040063 4 2 2 3
040062 4 2 3 1
062045077047062046077 4 2 3 2
065045063003 4 2 3 3
040071 4 2 4 1
062045077047062046077 4 2 4 2
071045077047003 4 2 4 3
040003 4 2 5 1
062045077047062046077 4 2 5 2
071045077047003 4 2 5 3
040003 4 2 6 1
040075003 4 2 6 2
040062046066 4 2 6 3
040063 4 2 7 1
040075003 4 2 7 2
055065 4 2 7 3
