048062046 0 0 //rama
023067057 0 2 //gruha
038071053 0 0 //deva
053040 0 2 //vana
050036 1 1 //lata
044062050021 0 0 //balaka
043050 0 2 //phala
053067021077055 0 0 //vrukSHa
057063046 0 0 //hima
006050047 0 0 //Aalaya
046065040063 2 0 // muni
056062039065 4 0 //sadhu
053062048063 2 2 //vaari
046039065 4 2 //madhu
044062050 0 0 //baala
022023 0 0 //khaga
040048 0 0 //nara
046071024 0 0 //medha
026031021 0 0 //chataka
046064040 0 0 //meena
005028 0 0 //aja
021062021 0 0 //kaaka
042063021 0 0 //pika
023028 0 0 //gaja
056063002057 0 0 //simha
046047066048 0 0 //mayura
048028021 0 0 //rajaka
005053021048 0 0 //avakara
040067042 0 0 //nrupa
046062056 0 0 //maasa
046057062048062028 0 0 //maharaja
040063039063003 2 0 //nidhi
021053063003 2 0 //kavi
023063048063003 2 0 //giri
021042063003 2 0 //kapi
047036063003 2 0 //yatih
045066042036063003 2 0 //bhopati
057048063 2 0 //hari
048053063 2 0 //ravi
006039063 2 0 //aadhi
023065048066 4 0 //guru
045062040065 4 0 //bhanu
048063042065 4 0 //ripu
054063054065 4 0 //shishu
011036065 4 0 //rutu
042054065 4 0 //pashu
053062047065 4 0 //vaayu
053063039065 4 0 //vidhu
036040065 4 0 //tanu
057040065 4 0 //hanu
038039063 2 2 //dadhi
038062048066 4 2 //daaru
028062040065 4 2 //jaanu
053056065 4 2 //vasu
050029077046035 0 0
005022063050 1 1
036062040077047 1 1
053064048 0 0
053063040047 0 0
021062053077047 1 1
038063053047 1 1
038063053077047 1 1
046057071054 0 0
005029036 1 1
036062048 1 1
