005057046077 3 1 1
006053062046077 3 1 2
053047046077 3 1 3
046062046077 3 2 1
046062 3 2 1
006053062046077 3 2 2
040076 3 2 2
005056077046062040077 3 2 3
040003 3 2 3
046047062 3 3 1
006053062045077047062046077 3 3 2
005056077046062045063003 3 3 3
046057077047046077 3 4 1
046071 3 4 1
006053062045077047062046077 3 4 2
040076 3 4 2
005056077046045077047046077 3 4 3
040003 3 4 3
046036077 3 5 1
006053062045077047062046077 3 5 2
005056077046036077 3 5 3
046046 3 6 1
046071 3 6 1
006053047075003 3 6 2
040076 3 6 2
005056077046062021046077 3 6 3
040003 3 6 3
046047063 3 7 1
006053047075003 3 7 2
005056077046062056065 3 7 3
056003 0 1 1
036076 0 1 2
036071 0 1 3
036046077 0 2 1
036076 0 2 2
036062040077 0 2 3
036071040 0 3 1
036062045077047062046077 0 3 2
036072003 0 3 3
036056077046072 0 4 1
036062045077047062046077 0 4 2
036071045077047003 0 4 3
036056077046062036077 0 5 1
036062045077047062046077 0 5 2
036071045077047003 0 5 3
036056077047 0 6 1
036047075003 0 6 2
036071055062046077 0 6 3
036056077046063040077 0 7 1
036047075003 0 7 2
036071055065 0 7 3
